1.95e-01
2.65e-01
2.32e-01
1.45e-01
8.29e-01
2.58e-01
1.81e-02
4.26e-01
3.20e-03
3.44e-01
2.17e-01
1.77e-03
3.83e-01
3.17e-01
5.01e-02
1.17e-01
3.64e-01
3.92e-01
3.57e-01
3.47e-01
1.44e-01
9.41e-02
2.18e-01
2.71e-01
2.72e-01
1.61e-01
2.40e-01
1.38e-01
1.24e-01
5.83e-01
3.12e-01
1.51e-01
1.95e-01
4.23e-01
2.05e-01
6.31e-02
5.57e-01
5.58e-01
3.50e-01
2.14e-01
5.95e-01
9.34e-02
2.35e-01
1.04e-01
4.99e-02
1.02e-01
7.38e-02
2.43e-01
2.66e-01
4.07e-01
2.38e-01
4.18e-01
4.68e-01
2.64e-02
1.77e-01
5.40e-01
1.10e-01
1.23e-01
2.13e-01
3.66e-01
1.11e-02
9.12e-01
9.43e-02
2.37e-04
0.00e+00
4.21e-01
1.24e-01
2.64e-01
4.63e-01
4.71e-01
1.49e-01
8.95e-02
2.44e-01
1.57e-01
3.00e-02
4.03e-02
4.00e-01
2.45e-01
3.68e-01
4.03e-01
1.57e-01
1.65e-01
1.91e-01
3.87e-02
4.58e-01
3.96e-01
4.47e-01
2.18e-02
5.08e-01
2.81e-01
3.01e-01
4.16e-01
5.90e-01
9.99e-02
8.34e-02
1.86e-01
1.57e-01
4.16e-01
2.91e-01
4.34e-01
3.05e-01
8.20e-02
1.02e-01
2.85e-01
3.54e-01
3.77e-01
1.17e-01
2.96e-01
4.78e-01
4.21e-01
9.34e-02
2.12e-01
2.37e-01
5.60e-02
4.18e-01
1.80e-01
5.80e-02
1.70e-01
4.51e-02
1.01e-02
2.62e-01
3.75e-01
1.63e-01
4.38e-01
3.31e-01
4.96e-01
1.58e-01
1.94e-01
3.56e-01
1.17e-01
2.29e-01
1.20e-01
2.87e-01
2.25e-02
3.13e-01
2.67e-01
1.67e-01
2.44e-01
4.54e-01
2.85e-01
1.67e-01
4.07e-01
3.30e-01
2.70e-02
7.02e-02
3.00e-01
7.25e-02
0.00e+00
3.66e-01
1.26e-01
4.23e-01
2.37e-01
3.35e-01
5.14e-02
0.00e+00
1.27e-01
1.93e-01
4.94e-01
2.53e-01
1.62e-01
3.65e-01
4.60e-01
2.70e-01
0.00e+00
2.98e-01
1.16e-01
4.28e-01
1.00e-01
5.67e-01
5.96e-02
8.97e-02
8.95e-02
1.76e-01
4.64e-01
2.51e-01
9.06e-03
8.75e-02
1.46e-01
3.51e-01
3.93e-01
1.00e-01
1.61e-01
5.47e-01
4.30e-01
3.21e-02
2.28e-01
7.50e-02
1.05e-01
4.62e-01
2.21e-02
3.25e-01
8.25e-02
1.38e-01
2.73e-01
3.57e-01
1.05e-01
5.34e-01
1.70e-01
3.28e-01
2.62e-01
5.06e-01
1.54e-02
2.00e-01
2.47e-01
1.78e-01
4.18e-01
1.12e-01
2.03e-01
6.23e-02
1.40e-02
3.26e-01
1.94e-01
1.33e-01
0.00e+00
3.12e-01
2.00e-01
1.15e-01
1.03e-04
3.05e-01
4.60e-01
1.93e-01
3.26e-01
8.03e-02
6.49e-02
7.91e-02
3.01e-01
1.35e-01
1.41e-01
6.85e-02
1.73e-01
6.86e-02
5.51e-02
1.65e-01
1.98e-01
4.14e-01
2.37e-01
1.17e-01
8.52e-02
2.72e-01
4.45e-01
4.75e-01
3.45e-01
4.12e-01
2.71e-01
3.73e-01
1.04e-01
1.77e-01
1.45e-01
2.04e-01
3.69e-01
1.40e-01
6.92e-02
1.15e-01
2.16e-01
4.88e-01
1.05e-01
1.47e-01
9.16e-02
3.47e-01
4.46e-01
5.34e-02
1.79e-01
4.71e-01
1.55e-01
5.45e-01
2.37e-01
6.80e-02
4.85e-01
1.73e-02
3.10e-02
3.39e-01
4.69e-01
5.60e-01
3.01e-01
3.17e-01
3.41e-01
4.55e-01
2.51e-01
1.30e-01
1.23e-01
0.00e+00
6.02e-01
3.26e-01
4.03e-01
2.42e-01
2.68e-01
6.01e-01
3.93e-01
1.73e-01
3.84e-01
5.34e-01
2.80e-01
4.04e-02
2.22e-02
9.52e-02
4.20e-01
1.56e-01
2.68e-01
1.45e-01
3.19e-01
1.15e-01
1.02e-01
5.81e-01
1.58e-01
6.54e-01
3.93e-01
5.83e-01
2.46e-01
2.12e-01
1.47e-01
1.92e-01
7.69e-02
4.56e-02
3.14e-01
3.84e-01
1.17e-01
3.64e-01
3.80e-01
1.30e-02
4.02e-01
1.87e-01
6.83e-02
1.16e-01
1.55e-01
8.76e-02
5.46e-01
1.06e-01
4.80e-01
2.75e-01
1.20e-01
2.82e-01
2.08e-02
1.24e-01
3.64e-01
2.46e-01
8.90e-02
6.62e-02
7.34e-02
7.53e-02
2.38e-01
2.78e-01
4.38e-03
3.61e-01
3.88e-01
0.00e+00
3.46e-04
1.39e-01
3.04e-01
2.30e-01
6.46e-02
2.25e-01
5.15e-01
3.21e-02
5.71e-01
2.65e-02
1.15e-01
1.20e-02
3.61e-01
2.81e-01
2.52e-02
3.08e-01
2.64e-02
3.42e-01
3.54e-01
2.19e-01
1.51e-01
3.44e-01
8.20e-02
3.49e-01
4.33e-02
1.29e-01
6.43e-02
2.58e-01
3.59e-01
3.09e-02
1.48e-01
2.20e-01
3.36e-01
5.41e-01
3.08e-01
1.01e-01
1.54e-01
2.18e-01
3.14e-01
1.81e-01
2.43e-01
1.60e-01
2.47e-01
2.78e-01
1.16e-01
1.15e-01
2.83e-01
3.38e-01
3.95e-01
6.29e-02
1.20e-01
2.01e-01
2.89e-01
1.04e-01
3.79e-01
0.00e+00
3.77e-01
2.95e-01
9.12e-02
3.78e-02
4.93e-01
4.80e-01
4.83e-01
2.43e-03
2.56e-01
1.25e-01
8.09e-02
1.68e-01
1.02e-01
1.19e-02
4.29e-02
1.51e-01
1.71e-01
6.81e-02
5.10e-01
1.35e-01
3.41e-01
6.25e-01
1.23e-01
1.15e-01
4.92e-01
2.72e-01
3.47e-01
3.10e-02
2.66e-01
8.50e-02
1.94e-01
1.29e-01
4.59e-01
4.10e-02
3.07e-01
2.08e-01
1.28e-02
3.57e-02
3.34e-01
2.53e-01
6.71e-01
9.52e-02
6.20e-02
2.84e-01
1.43e-01
2.51e-01
1.41e-01
9.84e-02
4.37e-01
3.53e-01
2.73e-01
9.42e-04
1.03e-01
1.75e-01
3.13e-01
2.26e-02
2.01e-01
5.98e-02
1.38e-01
2.17e-01
3.11e-01
1.92e-01
2.38e-01
1.03e-01
4.85e-01
1.30e-01
2.78e-01
1.39e-01
3.73e-01
5.93e-02
2.73e-01
8.13e-02
6.64e-02
3.57e-01
3.15e-03
5.58e-01
5.39e-01
1.94e-01
1.56e-01
2.34e-02
1.38e-01
4.34e-01
1.35e-01
3.87e-01
2.70e-01
3.18e-01
5.17e-01
9.83e-02
2.55e-01
2.58e-01
2.00e-01
3.91e-01
1.95e-01
6.43e-02
2.79e-01
1.60e-01
2.37e-01
2.43e-01
4.07e-01
2.87e-01
2.28e-01
3.62e-02
4.70e-01
4.39e-01
2.71e-01
1.79e-01
1.86e-01
7.28e-02
1.55e-01
5.59e-01
1.30e-01
3.56e-01
2.14e-02
3.48e-01
3.89e-01
1.78e-01
1.75e-01
5.76e-01
2.74e-01
5.23e-01
3.25e-01
2.10e-01
3.38e-01
3.95e-01
2.90e-01
5.08e-01
1.26e-01
3.52e-01
3.13e-01
1.02e-01
3.12e-01
1.77e-02
6.53e-02
4.26e-01
3.41e-01
4.22e-01
2.71e-01
3.24e-01
1.44e-01
7.75e-02
3.02e-01
8.56e-02
2.55e-02
2.53e-01
5.30e-01
3.31e-01
6.62e-02
1.61e-01
7.36e-02
1.58e-02
2.05e-01
1.41e-01
3.57e-01
5.00e-01
1.85e-01
1.51e-01
3.67e-01
1.73e-01
1.20e-01
2.29e-01
3.41e-02
3.33e-02
1.67e-01
9.31e-02
6.85e-02
3.63e-01
3.01e-01
5.08e-01
2.32e-02
4.30e-01
1.33e-01
4.55e-01
5.41e-01
8.57e-02
4.43e-01
1.85e-01
3.13e-01
1.84e-01
4.67e-02
3.09e-01
9.45e-02
2.02e-01
1.65e-01
1.68e-01
0.00e+00
2.37e-01
4.16e-01
4.18e-02
1.80e-01
8.62e-02
1.77e-01
5.34e-02
4.34e-01
4.92e-01
4.22e-01
2.33e-01
3.41e-01
2.39e-02
2.69e-01
6.85e-02
2.26e-02
4.29e-02
0.00e+00
6.36e-01
1.64e-01
1.65e-01
1.13e-01
3.85e-01
1.99e-01
2.26e-01
9.18e-02
4.99e-01
2.25e-01
3.39e-01
6.82e-02
9.25e-02
1.32e-01
1.56e-01
4.21e-02
7.92e-02
4.63e-01
1.37e-01
0.00e+00
4.05e-01
4.96e-01
9.94e-02
3.97e-01
4.76e-01
2.70e-01
1.34e-01
4.83e-02
1.94e-01
2.56e-01
1.84e-01
4.97e-01
3.00e-01
2.05e-01
2.73e-01
3.88e-01
4.60e-01
1.21e-01
4.69e-01
1.09e-01
1.45e-01
2.21e-01
9.01e-02
6.65e-02
9.53e-02
3.09e-01
7.78e-01
1.10e-01
2.87e-01
5.65e-02
4.57e-01
1.31e-01
2.59e-01
1.45e-01
3.60e-01
3.31e-01
9.58e-02
1.16e-01
3.28e-01
8.99e-02
0.00e+00
3.19e-02
2.27e-01
2.60e-01
8.52e-02
1.15e-01
2.81e-01
1.45e-01
1.16e-01
7.17e-01
4.36e-01
8.40e-02
4.52e-01
4.35e-02
4.54e-01
3.74e-01
1.67e-01
9.11e-02
9.61e-02
2.07e-01
2.30e-01
5.05e-01
5.21e-01
3.85e-01
5.71e-02
7.13e-02
1.67e-01
3.49e-01
9.00e-02
7.38e-02
3.18e-01
1.66e-01
1.56e-02
2.45e-01
3.75e-02
3.12e-01
4.81e-02
3.80e-01
1.56e-01
3.32e-01
4.93e-02
1.63e-01
1.74e-01
4.90e-02
3.91e-01
9.61e-02
4.83e-02
6.25e-02
3.28e-01
0.00e+00
7.10e-02
5.07e-01
2.41e-01
3.59e-01
4.21e-01
2.38e-01
1.28e-01
3.75e-01
4.76e-01
2.97e-02
1.26e-01
4.63e-01
3.27e-01
3.79e-02
6.01e-01
1.37e-01
3.60e-01
6.75e-02
1.29e-01
8.98e-02
1.20e-01
4.13e-01
5.62e-01
6.58e-01
5.15e-02
3.44e-01
5.08e-01
9.26e-02
3.15e-01
2.02e-01
2.05e-01
9.58e-02
3.61e-01
1.53e-01
5.27e-01
1.74e-01
4.23e-01
3.32e-01
3.35e-01
4.17e-01
3.37e-01
1.12e-01
2.34e-01
7.78e-02
5.07e-02
1.34e-01
5.87e-02
1.41e-01
3.00e-01
4.23e-01
1.74e-01
1.05e-01
3.41e-01
4.93e-01
2.65e-01
2.24e-01
5.03e-01
2.29e-02
4.56e-01
4.49e-01
2.39e-01
1.93e-01
1.65e-02
1.85e-01
3.96e-01
4.86e-02
3.75e-02
4.70e-01
1.61e-01
1.68e-01
1.39e-01
2.85e-01
2.12e-01
8.59e-02
1.86e-01
4.78e-01
3.91e-01
3.07e-01
1.21e-01
3.43e-01
1.34e-01
3.57e-01
2.81e-01
2.59e-01
1.08e-01
2.30e-01
6.64e-02
4.91e-01
2.98e-02
2.11e-02
5.75e-02
5.20e-01
4.27e-01
5.64e-01
3.35e-01
5.01e-02
2.58e-01
5.09e-03
6.42e-03
4.32e-01
4.86e-01
4.44e-01
3.88e-02
8.32e-02
1.11e-01
1.27e-01
5.87e-03
1.16e-01
3.12e-02
4.61e-02
7.75e-02
3.38e-01
6.31e-02
1.33e-01
5.17e-01
9.81e-02
3.03e-01
2.13e-02
1.28e-01
2.87e-01
1.94e-01
1.12e-01
1.30e-01
2.36e-01
7.23e-02
5.65e-02
7.54e-02
3.55e-01
5.26e-02
4.43e-01
8.12e-02
4.42e-01
6.86e-02
3.16e-01
4.99e-01
9.98e-02
1.34e-01
2.59e-01
1.45e-01
4.90e-01
2.85e-02
1.86e-01
4.07e-01
6.90e-02
7.41e-03
2.89e-01
5.02e-01
4.38e-01
2.42e-01
3.72e-01
1.81e-01
3.69e-01
3.98e-02
1.93e-01
5.97e-01
1.11e-01
4.66e-02
3.92e-01
4.20e-01
2.92e-01
1.80e-01
7.05e-02
3.84e-01
1.92e-01
3.16e-01
2.99e-01
1.10e-01
1.41e-01
2.42e-01
1.97e-01
4.29e-01
3.34e-01
2.63e-02
2.89e-02
2.62e-01
1.51e-01
1.46e-01
2.12e-01
1.01e-01
4.53e-01
1.32e-01
8.31e-02
5.67e-01
1.35e-02
7.39e-02
3.07e-01
0.00e+00
4.69e-01
1.18e-01
7.88e-02
5.13e-01
8.75e-02
1.78e-01
7.82e-02
3.57e-01
3.32e-01
1.45e-01
4.02e-01
2.21e-01
2.34e-01
1.70e-01
1.52e-01
8.42e-02
1.65e-01
4.22e-02
1.37e-01
3.52e-01
2.32e-01
1.12e-01
1.75e-01
1.68e-01
2.06e-01
6.12e-02
1.37e-01
1.05e-01
5.49e-01
3.41e-01
1.32e-01
3.67e-01
2.55e-01
2.69e-01
2.88e-01
7.97e-02
5.94e-02
4.56e-01
2.45e-01
2.61e-01
2.52e-02
2.03e-01
1.65e-02
2.83e-01
1.06e-01
2.77e-01
1.64e-01
2.26e-01
4.48e-01
3.19e-01
3.84e-01
2.14e-03
1.05e-01
2.79e-01
5.16e-02
6.56e-02
1.68e-01
4.98e-01
2.82e-01
4.83e-01
2.43e-01
4.81e-01
2.30e-01
3.64e-01
3.74e-01
2.99e-01
4.64e-01
4.49e-01
4.60e-01
1.68e-01
3.43e-02
8.98e-02
4.61e-01
2.34e-02
4.39e-01
8.49e-02
4.22e-01
1.05e-01
1.01e-02
1.42e-01
2.19e-01
2.02e-01
3.40e-01
1.76e-01
2.31e-01
1.03e-01
1.83e-01
4.13e-01
2.85e-01
2.79e-01
3.68e-01
6.56e-02
4.05e-01
1.61e-01
8.39e-02
1.11e-01
4.49e-01
2.06e-01
1.29e-01
7.15e-02
4.46e-01
2.97e-01
1.26e-01
4.50e-01
1.45e-01
1.55e-01
2.81e-01
2.01e-01
1.86e-01
2.64e-01
5.05e-02
4.42e-02
1.07e-01
4.07e-01
5.64e-01
1.23e-01
1.70e-01
5.05e-01
8.75e-02
1.49e-01
2.55e-01
2.27e-01
1.73e-01
2.04e-01
4.70e-01
1.05e-01
3.31e-01
2.15e-02
2.23e-01
5.07e-02
4.55e-01
3.37e-01
4.25e-01
7.40e-02
7.63e-03
2.26e-01
8.28e-02
2.42e-01
1.51e-01
4.53e-01
3.81e-01
1.13e-01
1.31e-01
1.51e-01
1.65e-01
4.21e-01
1.03e-01
4.20e-01
3.25e-02
1.14e-01
4.84e-01
1.53e-01
4.51e-01
6.23e-02
1.57e-01
3.16e-01
3.76e-01
2.06e-01
7.95e-02
9.69e-02
3.34e-01
3.00e-01
2.06e-01
3.84e-01
7.86e-02
4.47e-01
4.39e-01
1.03e-01
5.09e-01
6.75e-02
8.17e-03
4.10e-01
3.44e-03
1.44e-01
9.34e-02
0.00e+00
1.82e-01
4.64e-01
2.14e-01
2.88e-01
7.73e-01
5.79e-01
2.97e-01
2.72e-01
1.75e-01
2.08e-02
2.69e-01
2.92e-01
1.11e-01
1.81e-02
3.25e-01
2.79e-01
1.11e-01
6.95e-02
7.80e-02
2.52e-01
2.12e-01
4.94e-02
5.18e-01
1.10e-01
9.74e-02
2.27e-01
1.83e-01
0.00e+00
2.14e-02
4.26e-01
2.82e-02
3.67e-01
3.37e-01
2.16e-01
2.76e-01
2.20e-01
4.00e-01
1.00e-01
3.50e-03
1.17e-01
4.21e-01
6.14e-02
2.50e-01
1.89e-01
2.14e-01
1.10e-01
3.35e-01
3.92e-01
6.63e-02
2.02e-02
1.72e-01
4.59e-02
3.95e-01
1.96e-01
4.89e-01
