5.74e-02
2.69e-01
1.61e-01
5.32e-02
1.32e+01
1.76e-01
5.54e-02
6.36e-02
5.74e-02
4.14e-01
1.45e-01
2.96e-01
1.58e-01
1.17e-01
6.00e-02
5.94e-02
2.85e-01
1.73e-01
1.41e-01
6.91e-02
2.33e-01
1.31e-01
2.06e-01
6.29e-02
1.76e-01
8.10e-01
1.80e-01
2.22e-01
3.02e-01
2.46e-01
1.83e-01
1.51e-01
1.67e-01
1.85e-01
6.05e-02
7.03e-02
6.63e-02
2.73e-01
2.54e-01
5.50e-02
2.47e-01
1.81e-01
6.88e-02
5.33e-02
5.90e-01
5.36e-02
1.36e-01
4.35e-01
1.69e-01
5.43e-01
2.88e-01
1.76e-01
5.89e-02
1.36e-01
1.66e-01
5.59e-01
6.59e-02
6.44e-02
5.60e-02
3.19e-01
6.04e-02
4.34e+01
5.92e-02
2.57e-01
1.86e-01
5.27e-02
5.62e-02
6.74e-02
3.03e-01
7.07e-02
6.38e-02
6.79e-02
8.00e-02
2.02e-01
1.72e-01
1.54e-01
5.93e-02
1.88e-01
4.06e-01
1.68e-01
5.29e-02
5.37e-02
2.48e-01
5.65e-02
2.05e-01
2.29e-01
4.35e-01
1.53e-01
2.47e-01
1.55e-01
4.06e-01
1.92e-01
5.37e-01
1.68e-01
5.76e-02
4.69e-01
2.62e-01
2.60e-01
2.08e-01
4.28e-01
6.93e-01
6.71e-02
1.42e-01
2.38e-01
2.87e-01
5.17e-01
2.99e-01
9.26e-02
1.76e-01
5.68e-01
5.48e-02
4.06e-01
5.64e-02
1.27e-01
7.26e-02
2.74e-01
5.78e-02
6.91e-02
5.81e-02
1.19e-01
1.69e-01
1.27e+00
3.00e-01
2.14e-01
2.13e-01
1.97e-01
5.65e-02
1.57e-01
2.07e-01
6.21e-02
1.74e-01
6.62e-02
6.83e-02
5.83e-02
1.69e-01
2.28e-01
2.80e-01
7.00e-02
4.86e-01
2.21e-01
1.47e-01
8.31e-01
3.80e-01
3.13e-01
1.33e-01
6.16e-02
5.32e-02
6.12e-02
1.35e-01
7.96e-02
5.30e-02
6.76e-02
1.56e-01
1.53e-01
5.40e-02
6.18e-02
6.58e-02
1.86e-01
5.58e-02
2.76e-01
1.49e-01
5.33e-01
1.51e-01
4.26e-01
5.05e-02
1.95e-01
3.85e-01
4.99e-02
6.29e-02
1.43e-01
1.63e-01
3.45e-01
6.57e-02
3.04e-01
1.53e-01
6.12e-02
1.43e-01
1.31e-01
1.62e-01
6.62e-02
1.94e-01
2.55e-01
6.78e-02
3.12e-01
1.83e-01
6.96e-02
5.66e-02
6.33e-02
3.85e-01
1.69e-01
5.28e-02
5.67e-02
1.65e-01
6.12e-02
4.89e-01
2.77e-01
6.85e-02
1.22e-01
6.80e-02
1.25e-01
2.82e-01
3.16e-01
1.27e-01
2.06e-01
1.81e-01
3.30e-01
2.30e-01
5.40e-02
2.58e-01
1.38e-01
2.09e-01
7.52e-02
4.39e-01
6.95e-02
1.41e-01
5.39e-02
5.00e-02
1.82e-01
2.04e-01
2.95e-01
1.77e-01
1.59e-01
2.53e-01
2.14e-01
2.39e-01
1.71e-01
3.18e-01
1.79e-01
6.20e-02
6.09e-02
4.82e-02
2.40e-01
1.93e-01
2.13e-01
3.17e-01
5.41e-02
1.44e-01
1.58e-01
1.51e-01
4.27e-01
6.10e-01
3.26e-01
1.75e-01
5.26e-02
3.22e-01
6.83e-02
5.59e-02
1.78e-01
1.47e-01
1.91e-01
2.87e-01
5.64e-02
5.23e-02
2.55e-01
1.53e-01
1.83e-01
5.15e-02
1.77e-01
1.23e-01
3.07e-01
1.48e-01
6.55e-02
4.88e-01
1.32e-01
7.51e-01
3.86e-01
5.05e-02
4.47e-01
5.81e-02
1.72e-01
3.28e-01
2.51e-01
7.63e-02
2.98e+00
7.00e-02
3.08e-01
3.29e-01
2.87e-01
1.70e-01
1.54e-01
5.44e-02
2.47e+00
1.74e-01
2.24e-01
2.14e-01
1.52e-01
3.85e-01
2.44e-01
1.91e-01
1.58e-01
9.05e-01
1.79e-01
5.54e-02
5.63e-02
3.47e-01
2.59e-01
8.58e-02
2.59e-01
1.26e-01
1.33e-01
2.54e-01
6.55e-02
7.73e-01
1.36e-01
1.26e+00
2.00e-01
5.78e-01
2.58e-01
6.44e-02
1.65e-01
1.84e-01
5.90e-02
1.69e-01
2.98e-01
4.74e-01
1.79e-01
6.35e-01
3.36e-01
1.42e-01
1.65e-01
1.61e-01
3.55e-01
1.52e-01
2.17e-01
3.16e-01
3.01e-01
2.75e-01
6.86e-02
8.07e-02
5.89e-02
3.80e-01
1.61e-01
1.72e-01
1.72e-01
1.85e-01
6.32e-02
6.44e-02
7.27e-02
4.87e-02
3.27e-01
5.98e-01
1.57e-01
2.61e-01
8.46e-01
2.54e-01
1.76e-01
1.71e-01
5.02e-01
6.30e-02
5.84e-02
6.74e-02
1.49e-01
5.93e-02
6.18e-01
6.28e-02
2.00e-01
2.07e-01
6.56e-02
4.75e-01
1.57e-01
8.12e-02
5.99e-02
4.31e-01
5.74e-01
2.77e-01
5.86e-02
5.46e-01
5.98e-02
1.69e-01
1.57e-01
1.57e-01
5.93e-02
1.47e-01
1.78e-01
5.80e-02
5.73e-02
1.81e-01
3.53e-01
6.47e-02
2.50e-01
5.07e-02
6.34e-02
1.58e-01
1.69e-01
4.32e-01
7.55e-02
4.44e-02
5.27e-01
2.68e-01
7.11e-02
3.96e-01
7.15e-02
1.98e-01
1.80e-01
5.21e-02
1.56e-01
1.36e-01
3.11e-01
1.95e-01
7.05e-02
4.73e-02
1.91e-01
1.25e+00
2.95e-01
4.86e-02
3.13e-01
3.35e-01
3.84e-01
6.40e-02
1.38e-01
8.07e-02
3.16e-01
5.33e-02
2.35e-01
5.92e-02
8.57e-01
1.59e-01
1.98e-01
1.86e-01
5.51e-01
1.57e-01
4.28e-01
1.42e+01
1.94e-01
1.65e-01
3.07e-01
6.23e-02
2.67e-01
1.62e-01
4.20e-01
3.41e-01
6.59e-02
6.23e-02
1.74e-01
2.08e-01
5.36e-01
2.58e-01
2.56e-01
2.84e-01
3.05e-01
6.83e-02
6.76e+00
2.77e-01
5.74e-02
4.05e-01
9.71e-02
4.11e-01
5.78e-02
6.69e-02
2.27e-01
1.63e-01
7.01e-02
1.92e-01
7.56e-02
2.24e-01
2.44e-01
5.55e-02
5.64e-02
6.01e-02
1.32e-01
1.16e-01
1.55e-01
1.74e-01
1.73e-01
8.31e-02
3.05e-01
6.85e-02
1.64e-01
1.55e-01
3.24e-01
4.67e-02
6.23e-01
5.09e-02
6.12e-02
1.60e-01
7.43e-02
5.26e-01
1.76e-01
4.10e-02
4.39e-01
1.48e-01
5.48e-02
6.63e-02
1.30e-01
2.18e-01
5.51e-02
1.63e-01
4.22e-01
3.07e-01
5.47e-02
1.91e-01
2.48e-01
1.50e-01
6.13e-02
1.47e-01
3.37e-01
1.47e-01
5.96e-02
1.54e-01
2.18e-01
2.22e-01
1.92e-01
6.70e-02
6.31e-02
3.48e-01
2.43e-01
1.29e-01
2.48e-01
6.00e-02
5.07e-01
3.06e-01
1.77e-01
4.74e-01
5.88e-02
3.51e-01
2.98e-01
1.69e-01
1.46e-01
1.89e-01
1.59e+00
1.91e-01
4.55e-01
2.01e-01
3.99e-01
3.72e-01
1.76e-01
6.18e-01
5.59e-02
3.32e-01
1.65e-01
6.15e-02
3.79e-01
1.40e-01
5.82e-02
1.67e-01
2.44e-01
2.91e-01
1.84e-01
3.64e-01
1.34e-01
2.75e-01
3.78e-01
6.62e-02
1.41e-01
3.17e-01
2.55e-01
1.98e-01
5.29e-02
2.51e-01
4.40e-01
1.32e-01
1.67e-01
5.04e-02
4.20e-01
7.16e-01
3.41e-01
1.95e-01
6.84e-01
1.59e-01
4.27e-02
2.85e-01
4.80e-02
6.31e-02
5.39e-02
1.83e-01
1.45e-01
2.37e-01
6.55e-02
2.39e-01
2.29e-01
6.06e-02
6.52e-02
2.60e-01
2.36e-01
2.39e-01
1.27e-01
5.90e-02
6.89e-02
4.45e-01
2.90e-01
1.21e-01
5.69e-02
5.33e-02
5.39e-02
5.26e-02
1.98e-01
5.56e-01
1.84e-01
2.44e-01
1.47e-01
6.28e-02
2.09e-01
1.60e-01
3.91e-01
3.15e-01
1.55e-01
1.31e-01
4.14e-01
1.79e-01
1.94e-01
1.05e-01
1.66e-01
1.48e-01
2.02e-01
1.38e+00
1.74e-01
1.64e-01
1.37e-01
1.43e-01
4.80e-02
2.17e-01
1.44e-01
3.75e-01
5.60e-02
7.54e-02
6.58e-02
2.80e-01
2.40e-01
1.31e-01
1.23e-01
2.02e-01
4.05e-01
1.84e-01
1.77e-01
6.19e-02
2.57e-01
6.03e-02
7.23e-02
6.89e-02
2.35e-01
3.13e-01
1.94e-01
5.37e-02
5.93e-02
4.23e-01
1.54e-01
1.49e-01
1.88e-01
1.95e-01
2.46e-01
3.42e-01
1.36e-01
4.01e-01
7.00e-02
6.21e-02
3.67e-01
5.69e-02
5.41e-02
5.53e-02
3.64e-01
8.00e-01
2.56e-01
3.78e-01
1.39e-01
4.00e-01
5.95e-02
2.37e-01
6.42e-02
6.21e-02
1.98e-01
6.70e-02
1.38e-01
3.14e-01
5.86e-02
6.59e-02
7.65e-02
1.43e-01
2.83e-01
5.67e-02
7.82e-02
3.97e-01
1.63e-01
1.64e-01
9.77e-01
1.45e-01
5.92e-02
4.29e-01
1.93e-01
1.97e-01
1.84e-01
5.22e-02
2.37e-01
1.47e-01
8.62e-02
6.58e-02
5.14e-01
4.43e-01
3.62e-01
2.63e-01
5.17e-02
2.44e-01
7.05e-02
2.53e-01
4.98e-02
1.77e-01
1.78e-01
6.48e-02
1.71e-01
1.96e-01
3.05e-01
6.46e-02
7.14e-02
1.41e-01
2.72e-01
3.99e-01
4.79e-02
7.70e-02
1.54e-01
1.41e-01
1.83e-01
7.17e-02
1.67e-01
3.06e-01
5.63e-02
5.46e-02
1.62e-01
2.87e-01
4.96e-01
1.45e-01
7.35e-02
7.31e-02
3.97e-01
4.47e-01
2.66e-01
2.62e-01
6.85e-01
2.31e-01
6.71e-02
2.83e-01
6.01e-02
4.62e-01
5.52e-02
2.00e-01
7.12e-02
1.76e-01
2.39e-01
4.97e-01
2.87e-01
5.60e-02
1.65e-01
6.91e-02
5.56e-02
7.73e-02
1.48e-01
6.72e-02
2.35e-01
2.03e-01
6.45e-01
5.80e-01
3.04e-01
6.78e-02
3.77e-01
2.25e-01
1.56e-01
3.65e-01
2.17e-01
6.54e-02
5.42e-02
5.11e-02
5.31e-02
4.85e-02
1.35e-01
6.40e-02
2.90e-01
5.03e-02
1.80e-01
2.69e-01
2.76e-01
1.50e-01
1.76e-01
2.76e-01
4.86e-02
5.62e-01
6.88e-02
6.75e-02
1.53e-01
2.97e-01
5.97e-02
4.32e-01
3.09e-01
6.36e-02
6.29e-01
1.58e-01
1.26e-01
1.45e-01
1.70e-01
4.51e-01
1.68e-01
4.37e-01
2.09e-01
5.08e-01
6.09e-02
5.13e-02
5.47e-02
6.00e-02
1.52e-01
1.44e-01
6.94e-02
1.42e-01
2.26e-01
2.87e-01
1.74e-01
4.72e-02
1.31e-01
7.57e-02
8.02e-01
2.82e-01
1.45e+00
2.50e-01
1.52e-01
1.77e-01
5.74e-02
6.27e-02
1.82e-01
5.07e-01
2.72e-01
2.49e-01
5.83e-02
5.99e-02
1.46e-01
1.37e-01
1.40e-01
4.86e-02
1.85e-01
6.80e-02
2.15e-01
5.39e-02
1.30e-01
3.68e-01
1.74e-01
2.51e-01
1.74e-01
6.81e-02
1.99e-01
1.83e-01
7.24e-02
2.39e-01
7.07e-02
1.52e-01
4.45e-02
2.91e-01
6.15e-02
6.26e-02
6.32e-02
6.87e-02
4.20e-01
6.52e-02
5.53e-01
2.19e-01
1.05e-01
2.74e-01
2.72e-01
2.32e-01
3.18e-01
1.78e-01
6.75e-02
3.10e-01
2.01e-01
7.22e-02
1.66e-01
1.27e+00
2.87e-01
5.22e-01
2.01e-01
1.38e-01
1.52e+00
6.40e-02
3.91e-01
1.77e-01
1.60e-01
4.97e-02
6.59e-02
1.55e-01
2.40e-01
1.52e-01
2.53e-01
2.94e-01
3.21e-01
6.18e-02
1.72e-01
7.07e-02
1.61e-01
5.75e-02
4.77e-01
2.68e-01
1.09e+00
1.66e-01
5.90e-02
6.38e-01
5.64e-02
5.63e-02
1.98e-01
1.45e-01
5.91e-02
1.99e-01
6.12e-02
2.81e-01
1.68e-01
1.15e-01
5.16e-02
6.81e-02
6.67e-02
1.62e-01
5.42e-02
2.47e-01
5.96e-02
4.55e-01
2.97e-01
1.01e+00
2.61e-01
3.36e-01
3.72e-01
1.26e-01
1.66e-01
5.59e-02
5.04e-02
3.71e-01
1.90e-01
5.99e-02
1.61e-01
1.39e-01
3.03e-01
1.78e-01
8.24e-02
1.58e-01
1.37e-01
6.15e-02
1.69e-01
3.26e-01
6.45e-01
1.62e-01
5.17e-02
1.74e-01
3.46e-01
2.65e-01
2.59e-01
7.28e-02
5.04e-02
2.70e-01
2.97e-01
2.54e-01
1.44e-01
2.07e-01
6.13e-02
1.55e-01
1.30e-01
1.69e-01
5.08e-02
1.69e-01
4.52e-01
3.48e-01
6.00e-02
1.98e-01
6.47e-02
3.20e-01
6.55e-02
1.45e-01
2.18e-01
2.99e-01
2.91e-01
4.01e-01
2.27e-01
6.50e-01
2.85e-01
5.31e-01
4.14e-01
3.01e-01
5.38e-02
3.12e-01
5.17e-01
1.76e-01
5.70e-02
1.37e-01
3.51e+00
6.10e-02
1.15e+00
1.50e-01
2.95e-01
1.58e-01
2.43e-01
5.61e-02
5.89e-01
6.90e-02
6.57e-02
4.59e-01
1.52e-01
6.59e-02
6.11e-02
3.32e-01
1.50e-01
6.81e-02
5.07e-01
5.00e-02
2.37e-01
2.63e-01
7.55e-02
1.71e-01
2.42e-01
2.42e-01
7.36e-02
6.27e-02
2.87e-01
5.15e-02
5.91e-02
1.80e-01
1.44e-01
2.31e-01
5.48e-02
4.31e-02
5.87e-02
3.86e-01
2.63e-01
5.89e-02
5.60e-02
1.54e-01
6.36e-01
1.97e-01
6.50e-02
2.23e-01
2.66e-01
6.05e-02
1.82e-01
1.66e-01
5.59e-02
4.11e-01
5.35e-01
1.77e-01
6.81e-02
2.57e-01
1.80e-01
9.08e-02
4.58e-01
4.44e-01
1.63e-01
1.68e-01
6.07e-02
6.99e-02
6.59e-02
6.58e-02
1.98e-01
2.53e-01
4.71e-01
2.11e-01
2.46e-01
1.85e-01
6.11e-02
3.50e-01
2.24e-01
3.63e+00
2.98e-01
5.33e-02
2.90e-01
1.63e-01
6.55e-01
5.67e-02
6.77e-02
1.82e-01
1.99e-01
1.49e-01
6.97e-02
1.99e-01
1.97e-01
1.81e-01
2.90e-01
7.09e-02
5.59e-02
1.83e-01
4.99e-01
1.59e-01
1.02e+00
2.38e-01
4.66e-02
3.65e-01
6.27e-02
1.36e-01
1.47e-01
1.91e-01
3.25e-01
3.24e-01
1.88e-01
2.05e-01
2.95e+00
2.88e-01
1.71e-01
6.21e-02
5.81e-02
1.89e-01
4.81e-02
2.23e-01
3.54e-01
5.60e-02
2.97e-01
2.55e-01
6.48e-02
7.47e-02
1.22e-01
1.95e-01
5.09e-02
5.12e-02
3.19e-01
1.21e-01
5.78e-02
1.88e-01
4.19e-01
6.07e-02
6.60e-02
5.38e-01
1.46e-01
3.95e-01
2.91e-01
1.80e-01
4.25e-01
2.86e-01
5.37e-02
1.84e-01
2.53e-01
6.99e-02
1.95e-01
6.62e-02
1.85e-01
1.67e-01
5.58e-02
6.69e-02
7.80e-02
6.24e-02
5.48e-02
5.50e-02
1.75e-01
1.70e-01
1.50e-01
1.92e-01
6.18e-01
