1.78e-01
1.48e-01
1.16e-01
2.62e-01
1.65e+00
1.43e-01
1.22e-01
1.83e-01
2.39e-01
2.00e-01
1.91e-01
2.08e-01
2.23e-01
1.87e-01
1.79e-01
1.56e-01
3.04e-01
1.16e-01
1.89e-01
3.92e-01
4.14e-01
1.47e-01
2.92e-01
1.60e-01
7.38e-02
1.15e-01
1.35e-01
3.12e-01
2.27e-01
3.37e-01
1.89e-01
1.88e-01
2.60e-01
3.94e-01
2.38e-01
2.39e-01
3.82e-01
3.95e-01
2.59e-01
1.42e-01
4.40e-01
1.19e-01
2.06e-01
1.74e-01
1.43e-01
1.04e-01
3.05e-01
1.24e-01
1.93e-01
1.49e-01
2.04e-01
4.67e-01
2.12e-01
1.57e-01
2.04e-01
2.22e-01
1.50e-01
2.34e-01
2.31e-01
2.11e-01
1.90e-01
3.11e+00
1.84e-01
1.10e-01
1.26e-01
2.25e-01
1.91e-01
2.06e-01
2.60e-01
2.34e-01
2.85e-01
3.61e-01
2.65e-01
1.53e-01
1.61e-01
1.50e-01
2.34e-01
3.40e-01
1.89e-01
2.13e-01
2.36e-01
1.11e-01
2.05e-01
1.39e-01
5.33e-01
2.39e-01
1.84e-01
1.79e-01
4.41e-01
2.22e-01
3.04e-01
1.83e-01
4.52e-01
5.53e-02
2.56e-01
1.55e-01
1.64e-01
2.36e-01
2.26e-01
3.72e-01
1.80e-01
2.89e-01
1.49e-01
1.84e-01
3.66e-01
3.14e-01
2.17e-01
2.93e-01
2.29e-01
1.20e-01
1.60e-01
2.40e-01
1.51e-01
1.71e-01
2.98e-01
1.81e-01
1.39e-01
1.99e-01
1.63e-01
2.00e-01
2.16e-01
2.53e-01
1.49e-01
2.31e-01
2.76e-01
2.51e-01
1.69e-01
1.95e-01
2.64e-01
4.13e-01
2.82e-01
3.43e-01
5.63e-01
3.74e-01
2.17e-01
7.38e-02
1.93e-01
3.30e-01
1.34e-01
2.13e-01
3.44e-01
4.47e-01
2.27e-01
1.34e-01
1.71e-01
2.43e-01
8.55e-02
1.72e-01
1.58e-01
1.14e-01
3.75e-01
9.99e-02
2.89e-01
2.83e-01
2.57e-01
2.01e-01
1.93e-01
3.02e-01
2.85e-01
1.93e-01
2.31e-01
1.58e-01
2.08e-01
2.38e-01
3.25e-01
2.52e-01
2.10e-01
2.84e-01
4.75e-01
1.55e-01
1.64e-01
7.81e-02
1.43e-01
1.48e-01
2.09e-01
1.46e-01
9.36e-02
9.33e-02
2.16e-01
1.74e-01
1.12e-01
1.36e-01
3.28e-01
4.29e-01
9.15e-02
1.65e-01
2.37e-01
2.10e-01
3.18e-01
2.08e-01
1.81e-01
7.81e-02
1.62e-01
6.41e-02
4.68e-01
9.91e-02
5.16e-01
1.22e-01
5.64e-01
2.78e-01
3.19e-01
1.77e-01
1.48e-01
8.59e-02
1.45e-01
1.76e-01
1.21e-01
2.76e-01
1.55e-01
2.13e-01
9.96e-02
1.06e-01
1.03e-01
3.23e-01
2.52e-01
2.04e-01
1.77e-01
2.29e-01
2.62e-01
3.89e-01
1.21e-01
2.23e-01
1.91e-01
1.63e-01
1.71e-01
2.86e-01
8.16e-02
6.40e-02
4.91e-02
3.03e-01
1.08e-01
1.15e-01
1.87e-01
1.43e-01
2.47e-01
1.78e-01
1.93e-01
7.76e-02
4.40e-01
3.88e-01
1.89e-01
1.76e-01
2.23e-01
3.50e-01
2.06e-01
1.27e-01
1.19e-01
3.33e-01
2.48e-01
3.24e-01
1.77e-01
1.23e-01
1.44e-01
1.89e-01
3.91e-01
1.73e-01
2.48e-01
2.68e-01
1.34e-01
1.46e-01
2.16e-01
3.19e-01
3.45e-01
1.61e-01
4.97e-01
1.41e-01
1.20e-01
1.81e-01
1.14e-01
2.05e-01
2.92e-01
1.45e-01
4.19e-01
3.05e-01
3.36e-01
2.64e-01
1.51e-01
1.56e-01
2.87e-01
1.82e-01
2.00e-01
6.57e-01
3.56e-01
6.01e-01
3.13e-01
2.14e-01
2.31e-01
2.95e-01
3.86e-01
8.57e-02
7.21e-01
1.91e-01
1.62e-01
1.87e-01
1.51e-01
2.02e-01
1.50e-01
2.14e-01
1.58e-01
1.25e-01
1.70e-01
2.70e-01
5.83e-01
2.20e-01
5.01e-01
2.23e-01
1.88e-01
3.13e-01
3.57e-01
2.44e-01
2.54e-01
1.27e-01
1.00e-01
8.59e-02
2.00e-01
3.24e-01
2.16e-01
1.98e-01
1.37e-01
1.00e-01
2.21e-01
1.21e-01
1.76e-01
1.49e-01
2.28e-01
2.29e-01
2.19e-01
2.55e-01
2.70e-01
4.30e-01
3.00e-01
2.96e-01
1.48e-01
1.46e-01
8.59e-02
1.38e-01
1.09e-01
1.18e-01
1.26e-01
3.24e-01
2.60e-01
2.76e-01
2.47e-01
2.67e-01
2.53e-01
1.31e-01
1.28e-01
2.52e-01
2.04e-01
1.42e-01
1.35e-01
1.30e-01
1.48e-01
2.77e-01
2.33e-01
1.85e-01
1.42e-01
3.94e-01
1.75e-01
1.54e-01
3.51e-01
1.27e-01
1.88e-01
1.81e-01
2.66e-01
4.11e-01
1.63e-01
9.88e-02
2.20e-01
6.34e-02
2.08e-01
1.78e-01
2.13e-01
2.74e-01
1.19e-01
1.22e-01
1.28e-01
1.59e-01
4.72e-01
4.45e-01
8.06e-02
1.50e-01
2.14e-01
3.37e-01
3.88e-01
2.18e-01
1.51e-01
2.12e-01
1.42e-01
1.56e-01
2.00e-01
1.90e-01
2.14e-01
2.14e-01
2.95e-01
1.42e-01
1.79e-01
3.19e-01
1.33e-01
4.72e-01
2.36e-01
1.82e-01
3.08e-01
1.51e-01
1.24e-01
3.96e-01
3.68e-01
2.08e-01
2.08e-01
3.35e-01
1.42e-01
2.51e-01
6.61e-02
2.17e-01
1.04e-01
1.71e-01
2.86e-01
2.51e-01
6.72e-02
1.37e-01
2.70e-01
4.22e-01
4.38e-01
1.21e-01
1.53e-01
9.91e-02
9.31e-02
1.65e-01
1.48e-01
2.76e-01
1.13e-01
2.33e-01
2.21e-01
2.84e-01
2.50e-01
2.40e-01
8.87e-02
1.33e-01
2.49e-01
9.20e-02
1.91e-01
6.17e-01
1.43e-01
2.81e-01
2.79e-01
3.29e-01
3.02e-01
3.23e-01
1.53e-01
3.24e-01
1.28e-01
3.01e-01
8.80e-02
2.40e-01
1.85e-01
2.45e-01
1.95e-01
1.54e-01
9.53e-02
1.60e-01
1.94e-01
1.41e-01
2.78e-01
2.53e-01
2.61e-01
4.63e-01
9.44e-02
2.20e-01
2.89e-01
3.01e-01
1.52e-01
2.49e-01
6.23e-02
1.47e-01
1.81e-01
3.01e-01
3.49e-01
3.14e-01
2.54e-01
1.25e-01
1.48e-01
5.91e-02
6.29e-01
1.73e-01
5.49e-01
3.50e-01
2.04e-01
2.94e-01
1.44e-01
2.64e-01
2.13e-01
2.57e-01
2.84e-01
2.52e-01
1.84e-01
2.53e-01
1.11e-01
2.87e-01
1.77e-01
1.74e-01
4.05e-01
2.55e-01
2.24e-01
2.02e-01
1.69e-01
8.74e-02
2.83e-01
9.20e-02
2.93e-01
1.36e-01
6.35e-01
1.93e-01
1.70e-01
1.47e-01
2.29e-01
2.05e-01
8.66e-02
2.24e-01
4.60e-01
9.44e-02
1.69e-01
2.25e-01
2.48e-01
1.59e-01
1.67e-01
8.65e-02
1.14e-01
2.52e-01
2.27e-01
1.83e-01
1.31e-01
2.83e-01
1.45e-01
2.48e-01
3.09e-01
2.31e-01
3.00e-01
1.56e-01
1.72e-01
2.23e-01
2.30e-01
2.76e-01
7.69e-02
2.19e-01
1.51e-01
2.04e-01
2.69e-01
2.41e-01
2.10e-01
1.65e-01
2.42e-01
8.56e-02
2.00e-01
2.63e-01
3.37e-01
1.39e-01
1.89e-01
1.55e-01
2.85e-01
7.21e-02
2.93e-01
1.43e-01
2.30e-01
4.14e-01
1.93e-01
3.09e-01
2.93e-01
8.16e-02
5.00e-01
1.94e-01
3.63e-01
1.20e-01
2.66e-01
4.84e-01
1.26e-01
4.96e-01
1.93e-01
3.23e-01
1.62e-01
2.66e-01
2.17e-01
1.09e-01
1.75e-01
1.90e-01
1.51e-01
1.52e-01
2.61e-01
2.19e-01
1.25e-01
1.88e-01
1.45e-01
1.50e-01
1.48e-01
1.60e-01
1.83e-01
2.08e-01
2.45e-01
2.60e-01
2.41e-01
2.28e-01
1.42e-01
2.33e-01
2.55e-01
1.62e-01
5.61e-01
3.21e-01
1.59e-01
1.88e-01
2.79e-01
2.30e-01
2.24e-01
5.55e-02
3.55e-01
3.17e-01
2.16e-01
1.88e-01
3.06e-01
1.76e-01
1.86e-01
1.06e-01
1.66e-01
1.42e-01
8.32e-02
1.88e-01
2.03e-01
4.98e-01
2.80e-01
2.13e-01
3.81e-01
1.86e-01
1.66e-01
2.25e-01
1.66e-01
1.07e-01
1.95e-01
2.77e-01
2.36e-01
2.06e-01
3.91e-01
1.45e-01
1.54e-01
1.96e-01
3.66e-01
1.40e-01
2.52e-01
3.27e-01
1.72e-01
5.74e-02
2.33e-01
2.83e-01
4.72e-01
2.11e-01
1.38e-01
1.43e-01
2.70e-01
1.96e-01
2.31e-01
1.42e-01
5.55e-01
3.35e-01
1.34e-01
1.71e-01
3.53e-01
1.68e-01
1.44e-01
1.39e-01
1.59e-01
1.25e-01
2.07e-01
3.49e-01
1.92e-01
1.24e-01
2.20e-01
6.62e-01
2.93e-01
1.96e-01
1.62e-01
2.47e-01
2.29e-01
2.73e-01
1.64e-01
1.27e-01
1.24e-01
2.98e-01
2.92e-01
2.20e-01
3.00e-01
1.12e-01
1.06e-01
1.91e-01
1.61e-01
2.32e-01
2.02e-01
1.32e-01
2.28e-01
3.93e-01
1.80e-01
1.89e-01
1.24e-01
1.98e-01
1.67e-01
1.92e-01
2.47e-01
2.19e-01
1.53e-01
1.24e-01
2.12e-01
2.13e-01
1.73e-01
2.92e-01
1.43e-01
1.45e-01
1.99e-01
2.47e-01
3.10e-01
2.44e-01
2.02e-01
2.99e-01
2.64e-01
3.54e-01
1.68e-01
4.98e-01
1.34e-01
1.18e-01
6.47e-02
2.43e-01
2.34e-01
1.77e-01
4.66e-01
1.11e-01
3.80e-01
7.48e-02
6.12e-02
9.55e-02
5.94e-02
2.98e-01
3.88e-01
4.44e-01
1.49e-01
2.13e-01
1.23e-01
1.69e-01
4.06e-01
2.77e-01
2.64e-01
4.89e-02
1.58e-01
2.63e-01
6.97e-01
1.67e-01
2.62e-01
1.53e-01
1.98e-01
1.18e-01
1.81e-01
1.99e-01
2.83e-01
1.73e-01
2.02e-01
1.72e-01
1.66e-01
1.08e-01
1.92e-01
2.50e-01
1.96e-01
1.35e-01
1.94e-01
2.13e-01
2.20e-01
2.17e-01
2.83e-01
2.94e-01
2.20e-01
2.42e-01
9.11e-02
1.18e-01
7.01e-02
2.57e-01
1.95e-01
1.47e-01
2.01e-01
3.07e-01
3.00e-01
2.30e-01
1.02e-01
2.17e-01
3.47e-01
1.76e-01
1.60e-01
3.81e-01
2.58e-01
6.11e-02
9.93e-02
9.33e-02
1.79e-01
2.35e-01
2.39e-01
3.35e-01
2.92e-01
3.47e-01
5.10e-01
1.31e-01
1.31e-01
2.49e-01
1.76e-01
3.85e-01
2.80e-01
6.89e-01
4.69e-01
1.32e-01
2.28e-01
2.37e-01
2.87e-01
2.05e-01
3.94e-01
2.71e-01
8.36e-02
1.74e-01
1.71e-01
1.44e-01
1.22e-01
1.71e-01
2.02e-01
7.76e-02
1.59e-01
4.47e-01
2.38e-01
1.64e-01
3.19e-01
8.89e-02
1.96e-01
1.64e-01
1.35e-01
1.77e-01
1.70e-01
2.88e-01
1.73e-01
2.82e-01
1.23e-01
7.46e-02
1.57e-01
1.59e-01
2.88e-01
1.28e-01
1.61e-01
2.20e-01
1.87e-01
3.38e-01
2.82e-01
1.78e-01
9.72e-02
1.35e-01
2.45e-01
2.83e-01
1.73e-01
2.18e-01
4.85e-01
2.33e-01
1.78e-01
2.57e-01
3.57e-01
2.65e-01
1.75e-01
2.47e-01
1.27e-01
3.25e-01
9.90e-02
3.88e-01
1.58e-01
1.34e-01
1.87e-01
1.85e-01
3.64e-01
1.29e-01
1.04e-01
2.09e-01
7.00e-01
1.07e-01
1.98e-01
2.44e-01
1.78e-01
2.01e-01
2.45e-01
2.11e-01
1.15e-01
3.59e-01
1.24e-01
1.38e-01
2.05e-01
2.40e-01
2.44e-01
3.23e-01
1.32e-01
3.89e-01
1.45e-01
2.46e-01
3.17e-01
1.07e-01
1.82e-01
2.15e-01
1.15e-01
1.05e-01
2.71e-01
9.78e-02
4.01e-01
1.39e-01
1.75e-01
2.20e-01
5.42e-01
2.29e-01
1.34e-01
8.01e-02
2.10e-01
1.78e-01
1.84e-01
1.14e-01
1.12e-01
2.49e-01
1.12e-01
1.30e-01
8.03e-02
2.22e-01
3.45e-01
1.59e-01
3.37e-01
3.68e-01
2.76e-01
2.23e-01
1.30e-01
4.00e-01
3.00e-01
1.06e-01
1.89e-01
2.12e-01
1.68e-01
2.32e-01
1.23e-01
1.21e-01
2.72e-01
3.02e-01
3.78e-01
5.80e-02
2.29e-01
1.94e-01
1.15e-01
3.54e-01
1.29e-01
3.00e-01
4.21e-01
3.11e-01
1.72e-01
3.76e-01
1.03e-01
1.96e-01
2.76e-01
2.52e-01
1.22e-01
1.91e-01
2.08e-01
1.34e-01
1.70e-01
1.80e-01
4.34e-01
1.67e-01
2.40e-01
3.23e-01
1.84e-01
3.78e-01
1.19e-01
2.06e-01
1.62e-01
9.65e-02
1.13e-01
3.14e-01
2.62e-01
2.59e-01
1.47e-01
2.13e-01
1.54e-01
1.45e-01
2.28e-01
1.81e-01
2.00e-01
3.70e-01
1.58e-01
2.01e-01
2.71e-01
3.37e-01
4.04e-01
3.05e-01
5.59e-01
1.71e-01
8.65e-02
1.45e-01
1.92e-01
1.84e-01
1.90e-01
1.92e-01
1.06e-01
2.81e-01
3.03e-01
2.47e-01
2.79e-01
1.91e-01
2.36e-01
1.06e-01
2.84e-01
4.19e-01
2.52e-01
2.85e-01
1.31e-01
1.82e-01
1.53e-01
2.95e-01
3.70e-01
3.33e-01
5.17e-02
1.62e-01
2.72e-01
1.22e-01
1.74e-01
1.42e-01
1.18e-01
1.81e-01
1.84e-01
2.79e-01
2.13e-01
4.05e-01
1.92e-01
2.51e-01
1.31e-01
1.52e-01
2.86e-01
3.59e-01
1.62e-01
1.21e-01
2.76e-01
3.01e-01
2.27e-01
3.89e-01
2.25e-01
3.02e-01
2.14e-01
1.25e-01
1.46e-01
2.28e-01
1.22e-01
2.82e-01
3.13e-01
2.39e-01
2.85e-01
4.68e-01
2.30e-01
2.89e-01
1.32e-01
9.41e-02
2.40e-01
2.58e-01
1.49e-01
2.22e-01
1.10e-01
4.05e-01
2.52e-01
1.50e-01
1.63e-01
3.05e-01
4.87e-01
2.88e-01
1.53e-01
1.73e-01
9.78e-02
1.57e-01
3.31e-01
1.10e-01
1.44e-01
7.88e-02
1.39e-01
2.94e-01
1.80e-01
2.18e-01
1.99e-01
6.35e-01
1.46e-01
2.91e-01
2.39e-01
2.65e-01
2.31e-01
7.36e-02
2.55e-01
1.99e-01
1.10e-01
1.28e-01
1.63e-01
2.82e-01
2.35e-01
1.30e-01
3.14e-01
1.11e-01
2.15e-01
2.82e-01
1.56e-01
1.93e-01
2.62e-01
1.80e-01
1.57e-01
1.02e-01
2.42e-01
1.36e-01
3.87e-01
2.15e-01
9.09e-02
2.72e-01
1.01e-01
1.50e-01
9.52e-02
1.32e-01
1.06e-01
2.08e-01
8.53e-02
1.10e-01
1.57e-01
1.87e-01
2.81e-01
1.85e-01
3.98e-01
1.80e-01
1.89e-01
1.33e-01
1.41e-01
2.39e-01
4.08e-01
1.47e-01
