1.09e-01
9.35e-02
1.19e-01
1.38e-01
6.39e-01
1.15e-01
2.63e-02
1.92e-01
9.86e-02
1.70e-01
1.16e-01
8.42e-02
1.85e-01
2.16e-02
7.49e-02
1.06e-01
1.47e-01
1.47e-01
1.02e-01
2.61e-01
1.41e-01
6.27e-02
1.72e-01
1.17e-01
4.42e-02
5.46e-02
1.50e-01
1.20e-01
1.05e-01
6.91e-02
7.11e-02
1.19e-01
1.43e-01
3.16e-01
1.78e-01
1.43e-01
2.42e-01
2.30e-01
1.79e-01
8.80e-02
5.96e-01
5.39e-02
1.16e-01
1.21e-01
6.45e-02
5.94e-02
1.79e-01
8.43e-02
1.66e-01
1.89e-01
5.54e-02
3.03e-01
2.25e-01
7.89e-02
2.60e-02
3.69e-01
8.58e-02
9.95e-02
1.23e-01
1.32e-01
5.29e-02
nan
3.02e-02
5.31e-02
4.09e-02
1.50e-01
1.22e-01
1.11e-01
2.25e-01
1.80e-01
1.46e-01
1.47e-01
1.71e-01
5.33e-02
7.58e-02
5.64e-02
1.51e-01
2.17e-01
1.52e-01
2.19e-01
1.16e-01
1.11e-01
1.28e-01
7.81e-02
1.85e-02
1.84e-01
1.28e-01
8.49e-02
2.52e-01
1.60e-01
2.02e-01
9.30e-02
1.97e-01
2.60e-02
1.17e-01
1.06e-01
8.36e-02
1.90e-01
1.73e-01
2.73e-01
4.19e-02
9.94e-02
9.42e-02
1.29e-01
2.36e-01
9.05e-02
1.39e-01
1.14e-01
2.24e-01
1.32e-01
6.91e-02
1.35e-01
7.70e-02
7.65e-02
2.78e-01
1.02e-01
5.11e-02
1.23e-01
7.77e-02
9.57e-02
1.25e-01
1.19e-01
9.43e-02
1.90e-01
1.41e-01
3.57e-01
5.83e-02
1.11e-01
1.30e-01
1.91e-01
1.51e-01
1.23e-01
2.17e-01
1.22e-01
1.82e-01
3.65e-02
9.10e-02
1.16e-01
1.52e-01
1.46e-01
1.48e-01
6.70e-02
1.58e-01
5.33e-02
1.03e-01
1.87e-01
4.46e-02
8.82e-02
1.50e-01
7.74e-02
3.50e-01
3.10e-02
2.50e-01
1.29e-01
7.23e-02
8.07e-02
1.20e-01
3.54e-01
1.98e-01
1.28e-01
2.30e-01
1.10e-01
1.07e-01
6.76e-02
1.27e-01
1.07e-01
2.22e-01
1.60e-01
3.40e-01
7.74e-02
3.96e-02
3.74e-02
9.42e-02
2.19e-01
1.50e-01
6.69e-02
6.08e-02
5.93e-02
1.50e-01
1.22e-01
5.68e-02
6.77e-02
2.90e-01
2.84e-01
1.93e-02
1.35e-01
1.17e-01
1.20e-01
1.72e-01
8.03e-02
2.03e-01
4.59e-02
5.45e-02
6.83e-02
2.73e-01
5.23e-02
2.80e-01
6.68e-02
1.65e-01
1.74e-02
1.28e-01
7.15e-02
9.72e-02
1.34e-01
9.45e-02
1.71e-01
8.21e-02
1.64e-01
9.42e-02
8.59e-02
1.26e-01
5.83e-02
3.92e-02
7.44e-02
1.93e-01
1.62e-01
9.70e-02
6.44e-02
1.44e-01
3.01e-01
8.43e-02
1.42e-01
8.42e-02
8.88e-02
3.42e-02
2.65e-01
6.58e-02
1.48e-02
2.20e-02
1.05e-01
7.58e-02
3.44e-02
1.05e-01
8.77e-02
1.96e-01
1.28e-01
1.16e-01
7.56e-02
1.57e-01
2.68e-01
2.32e-01
1.90e-01
1.56e-01
2.11e-01
1.65e-01
5.41e-02
6.09e-02
1.09e-01
1.53e-01
1.26e-01
1.10e-01
7.02e-02
1.04e-01
5.94e-02
2.51e-01
1.11e-01
1.23e-01
1.30e-01
1.43e-01
1.72e-01
8.60e-02
1.72e-01
2.31e-01
8.29e-02
3.01e-01
6.95e-02
6.70e-02
2.11e-01
6.55e-02
9.45e-02
1.58e-01
1.65e-01
4.52e-01
5.35e-02
1.92e-01
2.06e-01
1.45e-01
8.10e-02
1.52e-01
6.42e-02
6.31e-02
5.60e-02
1.71e-01
3.02e-01
1.07e-01
1.59e-01
2.15e-01
1.07e-01
1.20e-01
1.61e-01
2.31e-02
8.89e-02
7.74e-02
1.14e-01
7.07e-02
4.98e-02
6.05e-02
1.11e-01
7.94e-02
1.61e-01
1.13e-01
1.31e-01
6.08e-01
1.11e-01
5.39e-01
3.00e-02
3.83e-01
1.21e-01
1.93e-01
1.16e-01
1.75e-01
7.47e-02
7.75e-02
8.90e-02
1.97e-01
1.67e-01
1.88e-01
3.53e-02
6.18e-02
1.42e-01
1.68e-01
6.42e-02
9.17e-02
1.99e-02
1.07e-01
1.95e-01
1.04e-01
3.44e-01
1.14e-01
1.72e-01
1.45e-01
1.35e-01
8.55e-02
1.42e-01
7.57e-02
6.10e-02
4.67e-02
5.83e-02
1.05e-01
2.15e-01
1.18e-01
1.13e-01
1.13e-01
1.92e-01
1.03e-01
5.27e-02
6.40e-02
1.23e-01
1.46e-01
9.03e-02
1.07e-01
2.31e-01
7.57e-02
2.38e-01
1.05e-01
7.07e-02
5.21e-02
3.15e-01
1.07e-01
7.33e-02
1.33e-01
3.87e-02
1.30e-01
9.12e-02
1.32e-01
1.91e-01
1.18e-01
6.22e-02
8.95e-02
2.60e-02
9.34e-02
8.89e-02
1.27e-01
1.56e-01
6.06e-02
8.76e-02
8.12e-02
1.55e-01
3.12e-01
1.66e-01
7.16e-02
7.59e-02
1.48e-01
1.73e-01
2.20e-01
1.27e-01
5.98e-02
1.61e-01
1.44e-01
6.31e-02
9.55e-02
1.71e-01
1.02e-01
1.67e-01
1.02e-01
8.96e-02
1.43e-01
1.86e-02
6.81e-02
3.35e-01
7.26e-02
1.77e-01
8.56e-02
9.18e-02
9.06e-02
3.40e-01
2.22e-01
1.02e-01
8.21e-02
1.54e-01
9.55e-02
1.20e-01
7.48e-02
1.43e-02
7.07e-02
5.73e-02
1.49e-01
6.97e-02
3.94e-02
1.48e-01
1.08e-01
2.22e-01
2.10e-02
5.60e-02
8.46e-02
1.89e-01
9.28e-02
1.56e-01
7.17e-02
1.98e-01
6.95e-02
1.43e-01
7.88e-02
1.75e-01
8.13e-02
1.42e-01
5.34e-02
7.46e-02
9.93e-02
1.07e-01
1.54e-01
3.35e-02
9.99e-02
1.11e-01
1.46e-01
9.06e-02
8.61e-02
1.70e-01
9.10e-02
2.18e-01
1.16e-01
1.30e-01
5.97e-02
8.17e-02
9.23e-02
1.32e-01
6.48e-02
1.02e-01
5.16e-02
1.01e-01
1.49e-01
1.03e-01
1.19e-01
1.24e-01
1.24e-01
3.16e-01
1.36e-02
1.66e-01
1.10e-01
1.81e-01
6.71e-02
1.44e-01
4.19e-02
8.04e-02
4.96e-02
4.47e-02
1.60e-01
9.29e-02
1.49e-01
9.44e-02
5.77e-02
6.44e-02
3.31e-01
1.26e-01
2.47e-01
2.00e-01
1.98e-01
3.57e-01
4.06e-02
1.92e-01
1.21e-01
1.42e-01
1.82e-01
1.46e-01
1.11e-01
1.52e-01
6.16e-02
1.44e-01
1.36e-01
1.74e-01
1.74e-01
1.65e-01
8.32e-02
2.20e-01
8.82e-02
1.10e-01
1.68e-01
4.99e-02
1.36e-01
8.29e-02
3.69e-02
5.17e-02
1.31e-01
5.39e-02
1.52e-01
2.08e-01
3.93e-02
1.34e-01
3.49e-02
2.45e-02
3.13e-01
1.85e-01
1.66e-01
1.66e-01
2.32e-02
1.33e-01
1.77e-01
1.33e-01
1.26e-01
1.30e-01
8.36e-02
1.61e-01
6.79e-02
7.33e-02
2.94e-01
2.04e-01
2.15e-01
1.01e-01
1.31e-01
1.09e-01
1.08e-01
1.25e-01
4.37e-02
8.36e-02
9.21e-02
2.03e-01
1.73e-01
1.05e-01
1.32e-01
7.16e-02
1.13e-01
8.36e-02
1.07e-01
1.20e-01
2.39e-01
5.53e-02
5.61e-02
1.47e-01
1.45e-01
5.14e-02
1.43e-01
6.11e-02
9.96e-02
1.80e-01
7.84e-02
1.03e-01
2.37e-02
1.14e-01
6.79e-02
7.22e-02
3.20e-01
6.81e-02
2.16e-01
4.92e-02
5.25e-02
3.90e-01
1.16e-01
1.27e-02
9.67e-02
1.04e-01
1.49e-01
5.92e-02
1.24e-01
1.01e-01
1.27e-01
5.40e-02
1.31e-01
1.71e-01
6.66e-02
1.21e-01
1.19e-01
1.39e-02
8.32e-02
1.39e-01
8.52e-02
1.50e-01
9.70e-02
2.25e-01
9.04e-02
1.20e-01
5.12e-02
9.58e-02
1.21e-01
6.60e-02
3.18e-02
1.50e-01
1.16e-01
7.56e-02
1.43e-01
1.41e-01
1.26e-01
4.72e-02
2.06e-01
1.70e-01
1.58e-01
6.30e-02
1.27e-01
7.30e-03
1.29e-01
8.65e-02
8.48e-02
1.64e-01
7.58e-02
9.03e-02
1.95e-01
2.70e-01
9.81e-02
1.96e-01
2.35e-01
8.83e-02
6.51e-02
1.13e-01
1.66e-01
9.43e-02
8.87e-02
4.21e-01
1.65e-01
1.08e-01
2.36e-02
1.37e-01
7.64e-02
1.21e-01
2.06e-01
8.15e-02
7.66e-02
1.86e-01
6.83e-02
5.35e-02
1.06e-01
2.38e-01
8.63e-02
5.22e-02
1.56e-01
7.60e-02
1.45e-01
1.06e-01
6.36e-02
9.50e-02
3.32e-01
2.26e-01
4.56e-02
5.94e-02
2.23e-01
1.02e-01
4.75e-02
5.88e-02
1.14e-01
6.56e-02
1.06e-01
1.63e-01
1.59e-01
8.83e-02
9.23e-02
1.22e+00
2.18e-01
8.10e-02
2.11e-01
1.03e-01
2.38e-01
1.33e-01
7.31e-02
6.88e-02
7.17e-02
1.32e-01
1.87e-01
1.42e-01
2.98e-01
9.61e-02
6.23e-02
1.12e-01
9.97e-02
1.78e-01
6.20e-02
6.35e-02
1.46e-01
1.99e-01
7.83e-02
1.18e-01
4.86e-02
1.35e-01
7.38e-02
1.38e-01
1.45e-01
1.39e-01
6.47e-02
1.01e-01
7.36e-02
1.01e-01
1.96e-01
1.48e-01
7.33e-02
8.89e-02
1.62e-01
7.90e-02
1.36e-01
2.75e-01
1.15e-01
2.94e-01
1.73e-01
6.63e-02
9.66e-02
3.14e-01
2.18e-01
5.24e-02
2.90e-02
3.25e-01
1.57e-01
3.14e-02
4.06e-01
5.35e-02
5.08e-02
4.89e-02
4.69e-02
5.32e-02
6.13e-02
1.77e-01
5.95e-02
2.98e-01
6.41e-02
2.06e-01
2.31e-01
9.66e-02
1.96e-01
1.06e-01
1.28e-01
3.94e-02
1.43e-01
1.04e-01
2.21e-01
1.02e-01
2.14e-01
9.48e-02
9.59e-02
1.18e-01
1.13e-01
1.15e-01
1.15e-01
5.50e-02
7.44e-02
8.57e-02
9.07e-02
9.41e-02
1.39e-01
1.78e-01
1.13e-01
9.85e-02
1.31e-01
1.37e-01
1.33e-01
1.31e-01
2.25e-01
1.34e-01
1.97e-01
3.37e-01
2.25e-02
1.06e-01
3.92e-02
1.26e-01
1.47e-01
7.34e-02
9.23e-02
2.38e-01
1.36e-01
1.53e-01
7.87e-02
1.84e-01
1.73e-01
8.56e-02
5.33e-02
4.62e-01
1.93e-01
9.08e-02
6.12e-02
1.29e-01
7.51e-02
1.88e-01
1.86e-01
1.18e-01
1.61e-01
1.72e-01
1.47e-01
2.75e-01
7.99e-02
1.26e-01
7.63e-02
3.29e-01
1.75e-01
2.58e-01
3.13e-01
4.83e-02
1.49e-01
6.82e-02
1.21e-01
1.35e-01
1.18e-01
2.39e-01
5.31e-02
9.17e-02
8.67e-02
9.94e-02
6.82e-02
8.72e-02
8.74e-02
4.83e-02
6.03e-02
4.71e-02
5.62e-02
7.65e-02
3.71e-01
3.10e-02
1.23e-01
6.91e-02
7.06e-02
1.42e-01
1.20e-01
1.33e-01
6.38e-02
1.72e-01
6.10e-02
4.96e-02
9.47e-02
1.57e-01
1.17e-01
1.80e-01
8.32e-02
1.73e-01
7.64e-02
1.33e-01
1.98e-01
1.13e-01
7.32e-02
5.97e-02
1.40e-01
2.57e-01
6.28e-02
1.24e-01
2.17e-01
1.08e-01
6.75e-02
1.15e-02
2.42e-01
1.98e-01
7.31e-02
1.83e-01
8.43e-02
1.40e-01
2.50e-02
1.60e-01
3.71e-01
4.98e-02
9.68e-02
1.53e-01
3.61e-01
1.36e-01
7.16e-02
1.03e-01
3.46e-01
7.51e-02
1.45e-01
1.43e-01
9.95e-02
1.18e-01
1.22e-01
8.96e-02
1.46e-01
1.66e-01
5.63e-02
9.07e-02
1.56e-01
1.35e-01
1.53e-01
8.01e-02
6.71e-02
1.25e-01
9.03e-02
1.26e-01
1.95e-01
4.16e-02
9.80e-02
2.12e-01
4.52e-02
1.59e-01
1.23e-01
6.06e-02
2.17e-01
4.97e-02
1.27e-01
8.97e-02
3.97e-02
1.55e-01
7.10e-02
8.07e-02
1.57e-01
8.80e-02
1.12e-01
8.15e-02
3.78e-02
1.24e-01
6.62e-02
8.05e-02
1.42e-01
1.06e-01
1.68e-01
7.64e-02
1.74e-01
1.86e-01
1.24e-01
1.14e-01
5.78e-02
2.15e-01
1.84e-01
7.56e-02
1.30e-01
1.54e-01
1.56e-01
1.61e-01
7.01e-02
7.60e-02
2.54e-01
1.93e-01
2.39e-01
2.83e-02
1.15e-01
7.49e-02
1.42e-01
1.57e-01
1.93e-02
1.62e-01
2.11e-01
2.40e-01
1.58e-01
2.26e-01
5.53e-02
8.73e-02
1.54e-01
1.01e-01
5.97e-02
1.06e-01
3.05e-01
1.14e-01
8.23e-02
1.55e-01
4.13e-01
7.66e-02
2.19e-01
1.76e-01
5.60e-02
3.00e-01
1.29e-01
2.26e-01
9.91e-02
5.32e-02
9.68e-02
2.65e-01
9.27e-02
3.17e-02
7.63e-02
1.71e-01
1.07e-02
6.77e-02
1.35e-01
2.29e-02
1.43e-01
2.60e-01
6.84e-02
1.54e-01
9.69e-02
1.38e-01
1.76e-01
2.05e-01
2.69e-01
1.04e-01
5.93e-02
1.40e-01
1.11e-01
6.70e-02
1.18e-01
1.83e-01
7.52e-02
1.15e-01
1.31e-01
1.93e-01
1.48e-01
8.56e-02
1.86e-01
2.78e-02
1.18e-01
2.42e-01
1.41e-01
1.46e-01
7.32e-02
1.02e-01
7.87e-02
1.55e-01
1.58e-01
3.27e-02
2.48e-02
1.07e-01
2.60e-01
9.52e-02
1.27e-01
1.11e-01
8.28e-02
1.11e-01
3.29e-02
3.15e-01
1.19e-01
2.86e-01
9.47e-02
1.17e-01
1.72e-02
7.97e-02
1.73e-01
2.02e-01
8.28e-02
4.24e-02
1.61e-01
1.43e-01
1.56e-01
1.66e-01
3.29e-01
2.56e-01
9.93e-02
4.91e-02
3.55e-02
1.30e-01
1.49e-01
1.19e-01
1.47e-01
1.10e-01
1.59e-01
2.87e-01
1.15e-01
2.34e-01
7.79e-02
4.45e-02
1.61e-01
2.50e-01
9.13e-02
9.72e-02
7.43e-02
2.53e-01
1.57e-01
9.74e-02
1.27e-01
1.26e-01
2.35e-01
2.86e-01
1.09e-01
1.60e-01
5.19e-02
6.78e-02
2.70e-01
7.59e-02
9.07e-02
5.17e-02
4.84e-02
1.75e-01
1.78e-01
1.41e-01
1.70e-01
2.59e-01
1.91e-01
1.87e-01
1.68e-01
1.45e-01
4.05e-02
1.75e-02
1.85e-01
8.82e-02
4.84e-02
4.16e-02
1.68e-02
9.83e-02
5.35e-02
9.56e-02
1.50e-01
1.61e-02
5.98e-02
1.97e-01
7.69e-02
9.30e-02
1.30e-01
5.87e-02
5.66e-02
6.34e-02
2.39e-01
4.89e-02
2.65e-01
1.69e-01
5.78e-02
1.80e-01
8.39e-02
1.63e-01
5.26e-02
3.92e-02
6.58e-02
1.46e-01
4.04e-02
8.91e-02
5.32e-02
1.24e-01
9.73e-02
1.64e-01
2.72e-01
1.05e-01
6.76e-02
5.83e-02
7.26e-02
1.78e-01
1.62e-01
1.64e-01
