-3.27e-01
-4.98e-01
-4.85e-01
-1.22e-01
1.04e+00
-4.24e-01
-5.73e-01
2.34e-01
-5.72e-01
-6.41e-01
-1.51e-01
-3.49e-01
-6.17e-01
-5.64e-01
-1.44e-01
-2.78e-01
-5.91e-01
-6.17e-01
-6.03e-01
5.12e-01
-1.49e-01
-5.12e-01
-7.79e-02
-3.36e-02
-4.18e-01
-3.18e-01
-2.74e-01
-4.04e-01
-3.42e-01
-8.95e-01
-5.20e-01
-4.52e-01
-4.76e-01
4.95e-01
-2.12e-01
4.08e-01
5.75e-01
-7.53e-01
-4.81e-01
-6.96e-01
2.39e-01
-3.64e-01
-3.25e-01
-1.53e-01
-3.39e-01
-3.94e-01
-4.20e-01
-3.92e-01
2.39e-01
-4.39e-01
-6.65e-01
3.08e-01
-5.50e-01
-4.02e-01
-6.62e-01
5.53e-01
-4.16e-01
-4.76e-01
-3.26e-01
-7.16e-01
-3.15e-01
1.28e+00
-4.88e-01
-3.77e-01
-3.33e-01
-6.82e-01
-6.20e-01
-5.09e-01
-5.01e-01
-2.80e-01
-3.72e-01
1.30e-01
-8.55e-02
-6.53e-01
-2.36e-01
-2.99e-01
-7.05e-01
-4.95e-01
-4.13e-01
1.87e-01
-3.87e-01
-3.49e-01
1.96e-01
-4.43e-01
-8.80e-01
-3.66e-01
-7.42e-01
-3.49e-01
-6.30e-01
-2.46e-01
4.94e-01
-5.11e-01
4.43e-01
-4.47e-01
-2.06e-01
-4.23e-01
-3.74e-01
-5.82e-01
-5.90e-01
-2.07e-01
9.31e-02
2.01e-01
-2.85e-01
-8.99e-02
-6.43e-01
-4.01e-01
2.95e-01
1.03e-01
-8.09e-01
-6.80e-01
-5.11e-01
-5.54e-01
3.41e-01
-2.65e-01
-1.26e-02
-4.98e-01
-3.84e-01
-4.38e-01
2.86e-01
-4.36e-01
-3.71e-01
-4.93e-01
-5.06e-01
-6.14e-01
-5.37e-01
-4.20e-01
-6.30e-01
-6.79e-02
-4.49e-01
1.71e-01
4.69e-01
-1.05e-01
-1.33e-01
-4.04e-01
-5.32e-02
-7.43e-01
-5.11e-01
-3.16e-01
-5.78e-01
-4.16e-01
-3.88e-01
-6.31e-01
-4.87e-01
-5.74e-01
-3.41e-01
-2.46e-01
-4.08e-01
-3.35e-01
-7.07e-01
-5.70e-01
6.65e-01
-5.78e-01
5.78e-01
7.04e-02
-1.36e-01
-3.35e-01
-4.29e-01
-6.58e-01
2.01e-01
-3.12e-01
1.05e-01
-7.53e-01
-2.66e-01
-4.08e-01
-4.81e-01
-5.49e-01
-4.27e-01
1.66e-01
-7.26e-01
-2.65e-01
-4.85e-01
-6.09e-01
-2.98e-01
-4.82e-01
-3.12e-01
-3.07e-01
-3.42e-01
-5.13e-01
-4.92e-01
-5.27e-01
-3.47e-01
-5.53e-01
-7.63e-01
-5.34e-01
-1.40e-01
-4.08e-01
-2.64e-01
-4.80e-01
-7.92e-01
2.71e-01
-5.39e-01
-3.87e-01
-3.41e-01
-6.37e-01
-1.42e-01
-2.41e-01
-2.57e-01
-4.29e-01
-3.18e-02
-7.12e-01
-7.39e-01
-4.82e-01
-6.90e-01
2.59e-01
-4.93e-01
-6.20e-01
-2.27e-01
-1.07e-01
-5.27e-01
-2.33e-02
-1.54e-01
-5.99e-01
-4.90e-01
-2.06e-01
-4.98e-01
9.47e-02
-4.46e-01
-5.09e-01
-5.60e-01
-4.38e-01
-2.40e-01
-6.56e-01
-2.02e-01
2.00e-01
-5.60e-01
3.13e-01
-3.24e-01
-4.44e-01
-3.01e-01
-4.35e-01
-5.10e-01
-5.69e-01
-4.57e-01
-3.37e-01
-3.98e-01
-2.10e-01
-6.51e-01
-4.31e-01
4.30e-01
2.31e-01
-4.08e-01
-4.61e-01
-6.93e-01
4.17e-01
-3.65e-01
-3.76e-01
-6.11e-01
-9.52e-02
-2.15e-01
-3.42e-01
-2.87e-01
-4.40e-01
-3.06e-01
2.87e-01
-7.74e-01
-2.47e-01
-5.01e-01
2.59e-01
-4.91e-01
-6.62e-01
-3.87e-01
3.19e-01
-6.91e-01
-4.01e-01
4.74e-01
-5.83e-01
-4.05e-01
-6.38e-01
-4.00e-01
-4.79e-01
-1.60e-01
-6.73e-01
-6.45e-01
-3.54e-01
-5.37e-01
-5.94e-01
-6.35e-01
-5.39e-01
-3.39e-01
-3.20e-01
-2.45e-01
1.61e-01
-3.83e-01
-3.05e-01
-2.97e-01
3.02e-01
6.47e-01
-6.39e-01
-5.38e-01
-7.01e-01
-2.87e-01
-5.17e-01
-3.96e-01
-1.26e-01
-5.50e-01
-5.57e-01
-3.94e-01
-5.60e-01
-5.76e-01
-3.04e-01
-3.21e-01
-5.43e-01
5.32e-01
-3.66e-01
-4.51e-01
1.96e-01
3.56e-01
3.98e-01
-1.79e-01
-4.32e-01
-1.06e-01
-2.69e-01
-3.19e-01
-5.80e-01
9.79e-02
1.03e-01
2.05e-01
-5.72e-01
-4.39e-01
-5.19e-01
1.90e-02
-2.79e-01
-5.17e-01
-2.53e-01
-5.17e-01
-6.24e-01
-3.92e-01
-5.84e-01
-2.40e-01
-2.95e-01
3.01e-01
-2.70e-01
-1.06e-01
4.46e-01
-2.46e-01
-3.63e-01
-2.56e-01
-3.58e-01
1.95e-01
-4.56e-01
-3.61e-01
5.76e-02
-3.17e-01
-7.19e-01
-1.97e-01
-3.98e-01
-4.00e-01
-1.20e-01
4.11e-01
-4.68e-01
-5.90e-01
-6.23e-01
-3.53e-01
-8.61e-01
-1.53e-01
-2.69e-01
-4.48e-01
-4.06e-01
-6.66e-01
-3.42e-01
3.55e-01
-3.54e-01
-5.85e-01
-6.87e-01
1.51e-01
-2.76e-01
-4.58e-01
-2.90e-01
-6.01e-01
-2.53e-01
-2.81e-01
-4.72e-01
-3.28e-01
-6.38e-01
-3.74e-01
-4.01e-01
-5.31e-01
-4.73e-01
-7.69e-01
-2.61e-01
-2.92e-01
-2.40e-01
-4.14e-01
-5.25e-01
3.47e-01
-3.13e-01
-5.08e-01
-4.28e-01
-1.52e-01
-5.22e-01
-5.16e-01
-3.38e-01
-3.70e-01
-5.88e-01
-1.87e-01
-2.24e-01
3.17e-01
1.75e-01
-3.97e-01
6.67e-01
-3.66e-01
2.37e-01
-5.58e-01
-3.25e-01
4.26e-02
2.86e-01
-6.48e-01
-3.33e-01
-6.38e-03
-3.99e-01
-1.83e-01
-3.93e-01
-9.27e-02
-8.22e-02
-4.29e-01
-2.43e-01
-2.38e-01
-5.49e-01
-3.25e-01
-8.81e-01
-4.44e-01
-8.57e-03
2.53e-01
-5.53e-01
-4.28e-01
-2.13e-01
-3.96e-01
1.92e-01
-3.02e-01
-4.45e-01
-3.89e-01
-3.21e-01
4.21e-01
-6.32e-01
-3.46e-01
-2.52e-01
-5.45e-01
-2.00e-01
-4.13e-01
-6.67e-01
-2.67e-01
2.07e-01
-4.95e-01
-1.38e-01
-4.16e-01
1.30e-01
-7.10e-01
3.23e-01
-1.10e-01
1.68e-01
4.77e-01
4.55e-01
-3.08e-01
-5.09e-01
-3.54e-01
-7.92e-02
-1.92e-01
3.49e-01
-4.96e-01
-5.14e-01
-4.53e-01
2.35e-01
-5.16e-01
-3.47e-01
4.24e-01
-3.45e-02
-3.61e-01
-4.18e-01
-4.28e-01
2.84e-01
-5.09e-01
2.73e-01
-5.26e-01
-3.07e-01
-6.43e-01
-4.21e-01
3.67e-01
-6.11e-01
-5.41e-01
-1.30e-01
-2.16e-01
-4.00e-01
-1.62e-01
3.33e-02
4.13e-01
4.33e-01
3.64e-01
3.31e-01
-2.51e-01
-3.74e-01
-1.71e-01
-2.48e-01
-5.39e-01
-4.11e-01
-4.01e-01
-2.39e-01
-3.84e-01
-2.86e-01
-2.47e-01
-6.11e-01
1.78e-01
-3.88e-01
-4.23e-01
3.71e-01
-5.97e-01
-5.54e-01
-3.50e-01
-3.92e-01
-3.39e-01
-2.40e-01
-4.23e-01
-5.33e-01
-4.16e-01
-6.10e-01
-3.99e-01
-4.49e-01
-4.64e-01
-1.92e-01
4.36e-01
-6.80e-01
-5.12e-01
3.64e-01
7.64e-02
-4.47e-01
-7.47e-01
-1.85e-01
-6.03e-01
-4.55e-01
-3.78e-01
-4.79e-01
-4.72e-01
3.22e-01
-5.44e-01
-4.80e-01
-5.09e-01
-3.80e-01
-2.07e-01
-5.20e-01
-2.28e-02
-4.01e-01
-4.94e-01
-6.29e-02
-4.62e-01
-4.13e-01
-5.10e-01
-5.00e-01
4.76e-01
-2.93e-01
-4.00e-01
-4.50e-01
-3.82e-01
-3.20e-01
-5.03e-01
-6.99e-01
-8.28e-01
-5.99e-01
-5.68e-01
-6.90e-01
-5.22e-01
-4.51e-01
-3.00e-01
-5.57e-01
2.64e-01
-4.43e-01
1.12e-01
-3.21e-01
1.58e-01
-2.36e-01
-7.08e-01
-3.28e-01
-4.27e-01
-4.71e-01
-7.22e-01
-6.68e-01
-4.69e-01
2.28e-02
-3.88e-01
-2.75e-01
-4.63e-01
-5.66e-01
-6.63e-01
-4.87e-01
3.88e-01
-4.44e-01
-3.13e-01
-4.06e-01
2.72e-01
-2.45e-01
-5.04e-01
-2.86e-01
-2.88e-01
1.64e-01
-1.65e-01
-7.39e-01
-8.28e-01
-5.48e-01
-6.10e-01
3.48e-01
6.93e-02
-5.15e-01
-3.37e-01
5.83e-02
-8.15e-02
-2.97e-01
-9.90e-01
7.00e-02
-2.28e-03
-4.42e-01
-8.42e-01
-5.05e-01
-5.18e-01
-4.41e-01
-4.88e-01
-4.57e-01
-5.07e-01
6.46e-02
2.29e-01
3.03e-02
-2.34e-01
-3.81e-01
-3.01e-01
-7.27e-01
-1.62e-01
-3.15e-01
-4.09e-02
-6.79e-01
-3.27e-01
-5.02e-01
-5.11e-01
-5.58e-01
-4.56e-01
3.37e-01
-2.38e-01
-4.84e-01
-4.44e-01
5.99e-01
-6.99e-01
-4.55e-01
-7.53e-02
-5.52e-01
-5.33e-01
5.24e-02
7.60e-02
-4.70e-01
-2.85e-01
-3.05e-01
-5.08e-01
-1.37e-01
-2.21e-01
-3.76e-01
-1.29e+00
-5.32e-01
3.78e-01
-3.74e-01
-6.87e-01
-3.43e-01
-8.43e-01
1.38e-01
6.02e-04
-2.83e-01
-4.91e-01
-4.90e-01
-3.89e-01
-3.34e-01
-7.29e-02
-3.46e-01
-2.08e-01
-4.60e-01
-3.00e-01
-2.89e-01
-5.46e-01
-4.94e-01
-5.96e-01
5.66e-01
-5.40e-01
-3.49e-01
-4.76e-01
-2.83e-01
-5.22e-01
-6.79e-01
-4.47e-01
-2.89e-01
-6.90e-02
-2.81e-01
-6.21e-01
-4.01e-01
-5.85e-01
-6.44e-01
-4.26e-02
-2.88e-01
-5.24e-01
-6.86e-01
-5.40e-01
-3.68e-01
-5.26e-01
-1.28e-01
-2.50e-01
-4.98e-01
-2.19e-01
-5.34e-01
-5.09e-01
-3.46e-01
-5.67e-01
-3.56e-01
-5.06e-01
-3.83e-01
-3.04e-01
-3.06e-01
-5.06e-01
2.46e-01
-2.18e-01
-3.99e-01
-4.84e-01
-4.87e-01
-3.25e-01
-4.39e-01
-3.38e-01
1.58e-01
-6.13e-01
-7.83e-01
-2.54e-01
3.82e-01
-4.52e-01
-5.23e-01
-4.81e-01
2.45e-01
3.51e-01
-3.44e-01
-8.31e-01
-4.59e-01
-7.84e-01
-3.15e-01
-4.98e-01
-3.45e-01
9.78e-02
1.51e-01
1.48e-01
-6.31e-01
-3.98e-01
6.55e-02
-5.41e-01
-4.03e-01
3.71e-01
-5.97e-01
5.43e-02
-2.85e-01
-2.64e-01
-3.34e-01
-5.64e-01
-5.10e-01
-2.81e-01
-6.46e-01
-7.28e-01
-6.18e-01
-7.78e-01
-4.54e-01
-3.47e-01
-1.88e-01
-4.04e-01
-4.74e-01
-5.81e-01
-5.39e-02
-6.91e-01
-8.16e-01
-3.77e-01
-3.73e-01
-6.11e-01
-6.74e-01
-3.95e-01
-6.70e-01
-7.91e-01
-1.01e-01
5.47e-02
6.94e-01
-7.90e-01
-3.18e-01
-6.39e-01
-4.55e-01
5.02e-01
-4.19e-01
2.08e-01
-6.00e-01
-4.13e-01
-2.97e-01
-5.06e-01
-4.69e-01
-3.05e-01
9.08e-02
-2.52e-01
-4.01e-01
-5.33e-01
-6.57e-01
-4.05e-01
9.20e-02
-4.05e-01
-6.23e-01
-5.10e-01
-5.00e-01
-3.29e-01
-6.12e-01
-2.13e-01
-5.32e-01
-3.92e-01
-2.80e-01
-3.50e-01
7.07e-01
-8.09e-01
-6.94e-01
5.90e-01
-4.99e-01
-3.23e-01
-2.74e-01
2.02e-03
-8.19e-01
-8.73e-01
-4.86e-01
-2.77e-01
-2.48e-01
7.10e-02
-2.36e-01
-4.18e-01
1.15e-01
-5.23e-01
-3.38e-01
-4.21e-01
-4.54e-01
-3.88e-01
-5.86e-01
-3.33e-01
-3.20e-01
-4.30e-01
-4.01e-01
-4.18e-01
-6.44e-01
-3.49e-02
-3.39e-01
-5.85e-01
-6.21e-01
-3.48e-01
-3.64e-01
2.91e-01
-3.90e-01
-4.56e-01
-3.73e-01
-2.74e-01
-7.32e-01
-5.64e-01
6.60e-02
-7.12e-01
-2.46e-01
3.13e-02
-5.94e-01
4.57e-02
-4.38e-01
-3.47e-01
1.89e-01
-8.74e-01
-1.53e-01
-7.38e-02
-1.27e-03
-5.82e-01
-5.01e-01
-2.79e-01
-4.99e-01
-2.85e-01
-1.88e-01
-4.23e-01
-5.06e-01
6.73e-01
-1.83e-01
-4.19e-01
-1.93e-01
4.68e-01
-5.15e-01
-6.27e-01
-3.59e-02
4.08e-01
-2.33e-01
-4.85e-01
-4.01e-01
-2.50e-01
-4.54e-01
3.23e-01
-4.81e-01
-6.80e-01
-2.80e-01
-4.09e-01
1.45e-01
-6.09e-01
2.62e-01
-2.57e-01
-4.25e-01
-3.74e-01
7.22e-01
-4.70e-01
-4.51e-01
-7.83e-01
-3.69e-01
-3.33e-01
-3.96e-01
-1.74e-01
-3.75e-01
-3.60e-01
-4.43e-01
-4.81e-01
-4.77e-01
-2.42e-01
-1.51e-01
-4.09e-01
-6.15e-01
1.41e-01
-7.04e-01
-4.06e-01
-5.72e-01
-3.64e-02
-4.71e-01
-4.35e-01
-2.12e-01
-4.93e-01
-4.64e-01
3.98e-01
1.19e-01
3.32e-02
-1.55e-01
3.50e-01
-5.18e-01
-4.60e-01
-4.47e-01
-1.95e-01
-8.01e-01
4.01e-01
-3.12e-01
-5.45e-01
-2.26e-01
-5.24e-01
-2.77e-01
-5.18e-01
-4.23e-01
-6.12e-01
3.20e-01
3.19e-01
-1.34e-01
-4.35e-01
-2.59e-01
-2.92e-01
-2.83e-01
-6.52e-01
-4.47e-01
2.42e-01
-5.36e-01
-4.78e-01
3.47e-01
-4.44e-01
-1.78e-01
-4.80e-01
-2.82e-01
-3.35e-01
-2.96e-01
-5.22e-01
-6.41e-01
-6.94e-01
-1.24e-01
5.06e-01
-5.49e-01
-3.86e-01
1.81e-01
3.36e-01
3.80e-01
-6.72e-01
-5.14e-01
-3.56e-01
-4.43e-01
-9.32e-02
5.30e-01
-2.74e-01
-4.18e-01
-1.26e-01
-4.76e-01
-3.55e-01
-4.59e-01
2.06e-01
-4.12e-01
-2.10e-01
2.48e-01
-3.83e-01
9.51e-02
-4.57e-01
-5.82e-01
-5.60e-01
-2.18e-01
6.20e-01
-7.60e-01
-5.86e-01
-7.11e-01
-5.06e-01
-3.72e-01
-2.42e-01
-5.87e-01
-5.15e-01
2.88e-01
-2.10e-01
3.37e-01
-1.93e-01
-4.89e-01
-4.78e-01
-4.68e-01
-5.10e-01
-7.49e-02
-2.26e-02
-2.37e-02
-3.81e-01
-3.64e-01
-3.40e-01
-2.62e-01
-7.67e-01
5.87e-01
-5.68e-01
2.38e-01
-5.70e-01
-2.01e-01
3.06e-01
-1.81e-01
-4.11e-01
-3.38e-01
-2.40e-01
4.99e-01
-3.91e-01
5.00e-01
-1.12e-01
-4.76e-01
-1.41e-01
-7.02e-01
-4.18e-02
-5.70e-01
-1.58e-01
-4.66e-01
4.04e-01
-2.59e-01
-1.06e-01
-1.43e-01
-3.58e-01
-4.62e-01
-4.37e-01
-3.74e-01
-5.08e-01
-3.07e-01
-4.82e-01
2.66e-01
-2.42e-01
8.77e-02
-4.04e-01
-7.28e-01
3.28e-01
-5.56e-01
-5.57e-01
-4.77e-01
-2.04e-01
-1.24e-01
-4.06e-01
-3.86e-01
-3.47e-01
6.52e-01
-3.78e-01
-4.63e-01
-5.20e-01
-2.82e-01
-6.12e-01
-2.67e-01
-4.63e-01
-6.29e-01
-3.91e-01
-3.53e-01
-5.45e-01
2.97e-01
-3.79e-01
-2.81e-01
-3.33e-01
2.59e-01
-8.69e-01
-4.53e-01
-1.50e-01
-1.43e+00
-5.55e-01
3.24e-01
-3.08e-01
3.13e-01
-6.85e-01
1.96e-01
-3.46e-01
-3.33e-01
-3.35e-01
2.86e-01
-7.85e-01
-2.29e-01
-6.80e-01
-4.16e-01
-1.11e-01
-1.05e-01
-2.91e-01
-6.98e-01
-5.17e-01
3.49e-02
-1.18e-01
-5.34e-01
-4.57e-01
-2.51e-01
-3.80e-01
-4.04e-01
-7.04e-01
-5.53e-01
-2.96e-01
4.59e-01
-3.62e-01
-3.64e-01
-5.17e-01
-4.35e-01
-4.55e-01
-7.87e-01
-3.31e-01
-2.56e-01
-6.06e-01
5.43e-02
2.80e-01
-6.16e-01
-6.28e-01
3.07e-01
-4.98e-01
-5.49e-01
-5.18e-01
-4.77e-01
-2.20e-01
-5.93e-01
